META 1 8 -275.462 -133.012 778 720 10 1 0 3
730 533 0.213707 -2.96341 -0.430991 0.434552 -0.423842 0.408452 2.63366 -2.66396 2.66814 -2.6456 2.84107 2.69042 -0.359499 -0.377257
732 597 -0.322841 2.83666 0.691124 -0.868528 0.729518 -0.846282 -2.53396 2.54939 -2.54738 2.59077 -2.51882 -2.57686 0.465612 0.442055
735 473 0.32905 -2.80505 -0.699411 0.946301 -0.695875 0.957167 2.46974 -2.3266 2.51458 -2.32001 2.44302 2.28196 -0.381619 -0.0623204
765 559 -0.306485 2.8027 0.728917 -0.803035 0.666247 -0.820915 -2.46999 2.49073 -2.49097 2.51695 -2.28423 -2.30857 0.57542 0.577363
949 582 0.716007 2.91091 -0.341047 2.18601 -0.339313 2.04266 1.7037 3.53172 1.6712 3.55068 -3.35233 -3.49318 -3.05744 -3.0586
1229 506 1.54718 -3.0034 0.496522 2.96026 0.611968 2.98587 2.96411 -1.08285 2.91934 -1.05858 -3.35233 -3.49318 -3.05744 -3.0586
1330 589 1.8277 -2.82135 0.200118 3.13334 0.233905 -3.1368 2.69922 -1.08285 2.68431 -1.05858 -3.35233 -3.49318 -3.05744 -3.0586
1265 438 1.68025 2.35054 0.430724 1.97294 0.506552 2.10532 -1.95595 -1.08285 -2.05331 -1.05858 -1.43808 -1.60993 -3.05744 3.10177
1458.21 134.322 1.79299 2.01592 1.92931 1.97294 1.81988 2.10532 -1.41852 -1.32371 -1.4754 -1.28448 -1.31974 -1.3683 1.73767 1.6312
1689.63 51.4643 -2.4382 -2.79982 1.58611 0.51757 1.16545 -0.276068 -0.919421 0.337002 -0.932835 0.318796 -1.31974 -1.3683 0.500491 -1.02583
1919.64 420.036 -1.67314 -1.07837 1.58611 0.127885 0.967305 -0.0380275 1.00407 1.57652 0.840288 1.53999 0.114359 -0.170067 -0.266976 -0.510935
2099.64 578.607 -0.954085 -1.07837 2.12821 0.61392 1.94866 0.664837 1.00407 2.44404 0.84935 2.22939 0.114359 -0.170067 -0.266976 -0.510935
2088.21 490.036 -1.54081 -1.4161 0.948203 -0.916556 0.889287 -1.1946 1.45592 1.61948 1.52972 1.64084 0.114359 -0.170067 -1.93801 -1.92943
