804 499 -2.02287 -2.60936 0.593991 0.287318 0.654158 0.474505 0.77397 1.24454 1.60662 1.98204 0.367549 0 0.367756 0.270709
732 464 -2.79728 2.89842 0.160335 -0.0423898 0.0281586 -0.277628 -0.31636 0.661434 0.269036 1.29545 0.367549 0 -0.0745073 -0.57616
687 438 -3.1341 2.67796 0.502067 0.290952 -0.508181 -0.663747 -0.585644 0.298023 -0.344556 0.530505 -0.72797 -0.577968 0.283968 -0.875317
687 438 2.72709 -3.09443 0.0803188 -0.415349 -0.508181 -0.989965 -0.758914 -0.31677 -0.581264 -0.0701727 -1.29364 -0.577968 -0.908669 -1.11982
654 505 2.45511 -2.7905 -0.279416 -1.28329 -1.32217 -1.61068 -1.18357 0.408429 -0.999459 -0.0701727 -1.29364 -0.577968 -1.71242 -1.74276
459 805 3.13528 2.50833 0.457529 -0.130994 0.588078 0.119153 0.13864 0.121267 0.163574 0.14171 -1.57647 -0.821432 -0.320113 0.636038
335 693 2.85843 2.07584 0.412495 0.292606 0.379501 0.119153 0.13864 0.528868 0.163574 0.471382 -0.673902 -0.561289 0.575209 0.636038
217 806 3.05582 2.80065 -0.0311054 -0.0692522 0.0631904 -0.109852 -0.153544 0.528868 -0.270386 0.471382 -0.673902 -0.561289 -0.352284 -0.850182
141 824 3.13798 2.84797 0.314481 -0.0553627 0.308929 0.00153946 0.0271427 0.173063 -0.113792 0.260588 -0.673902 -0.561289 -0.0721694 -0.235216
100 828 -3.10839 3.00991 0.314481 -0.0553627 0.308929 0.00153946 0.0271427 0.0484703 -0.113792 0.174032 -0.673902 -0.561289 -0.471955 -0.235216
38 828 -3.10839 3.11551 0.314481 -0.0553627 0.308929 0.00153946 0.0271427 0.202206 -0.113792 0.355033 -1.04913 -0.740696 0.117593 0.200394
-5 831 -3.10839 3.04671 0.314481 -0.035947 0.308929 0.00153946 0.0271427 0.115216 -0.113792 0.239224 -1.05662 -1.25343 -0.218187 -0.145412
-5 831 -3.10839 -3.11233 0.314481 -0.035947 0.308929 0.00153946 0.0980453 0.0765342 0.0390046 0.112945 -0.88159 -0.856087 0.134298 0.173351
