804 499 -2.02287 -2.60936 0.593991 0.287318 0.654158 0.474505 0.77397 1.24454 1.60662 1.98204 0.367549 0 0.367756 0.270709
732 464 -2.79728 2.89842 0.160335 -0.0423898 0.0281586 -0.277628 -0.31636 0.661434 0.269036 1.29545 0.367549 0 -0.0745073 -0.57616
687 438 -3.1341 2.67796 0.502067 0.290952 -0.508181 -0.663747 -0.585644 0.298023 -0.344556 0.530505 -0.72797 -0.577968 0.283968 -0.875317
687 438 2.72709 -3.09443 0.0803188 -0.415349 -0.508181 -0.989965 -0.758914 -0.31677 -0.581264 -0.0701727 -1.29364 -0.577968 -0.908669 -1.11982
654 505 2.45511 -2.7905 -0.279416 -1.28329 -1.32217 -1.61068 -1.18357 0.408429 -0.999459 -0.0701727 -1.29364 -0.577968 -1.71242 -1.74276
493 667 2.42213 -2.85819 -0.990777 -1.4573 -1.04201 -1.97762 -2.1865 -0.20967 -1.90404 0.503818 -1.80589 -1.83285 -2.00568 -2.35372
243 640 1.56678 -1.56849 -1.71749 -0.907192 -1.63196 1.54088 1.58508 -1.52685 1.6014 -1.63712 1.30987 1.53226 2.10762 -1.55853
89 586 0.889577 -1.90792 -2.92033 0.442921 -2.93562 0.489416 2.1204 -1.40064 2.1273 -1.23349 2.84248 2.62889 1.54553 1.50951
-208 483 -0.306478 -1.52996 1.12872 1.16352 1.17349 1.11338 1.56746 -3.0045 1.91347 -2.51916 1.8261 1.54928 1.58875 1.43175
-358 491 -1.24161 -1.02151 1.76286 0.259915 1.17349 -0.362181 1.1911 2.10076 1.56556 2.43608 0.388138 0.648681 0.307156 -0.306791
