804 499 -2.02287 -2.60936 0.593991 0.287318 0.654158 0.474505 0.77397 1.24454 1.60662 1.98204 0.367549 0 0.367756 0.270709
732 464 -2.79728 2.89842 0.160335 -0.0423898 0.0281586 -0.277628 -0.31636 0.661434 0.269036 1.29545 0.367549 0 -0.0745073 -0.57616
687 438 -3.1341 2.67796 0.502067 0.290952 -0.508181 -0.663747 -0.585644 0.298023 -0.344556 0.530505 -0.72797 -0.577968 0.283968 -0.875317
687 438 2.72709 -3.09443 0.0803188 -0.415349 -0.508181 -0.989965 -0.758914 -0.31677 -0.581264 -0.0701727 -1.29364 -0.577968 -0.908669 -1.11982
654 505 2.45511 -2.7905 -0.279416 -1.28329 -1.32217 -1.61068 -1.18357 0.408429 -0.999459 -0.0701727 -1.29364 -0.577968 -1.71242 -1.74276
449 416 2.03253 -2.4651 0.410989 1.06 -2.78058 1.84917 -1.34122 -0.282363 -2.64415 -1.44368 -1.54461 -2.5476 1.5708 1.09045
379 313 2.03253 2.41634 1.58808 1.48489 1.6823 1.7014 -2.40233 -2.09477 -2.64415 -2.07025 -2.72903 -2.81227 1.5708 1.64495
-161.81 217.889 0.700942 0.937721 0.879997 0.676451 0.792928 0.946681 -3.03571 -2.9521 -2.90824 -2.77406 1.79316 2.11985 1.2791 1.64495
-794.667 235.032 -0.255715 0.00407016 1.76237 0.911144 1.48643 1.34826 1.34529 2.17516 1.48828 2.4893 0.49751 0.617541 0.785388 1.15577
-1014.67 567.889 -1.21484 -0.880504 1.76237 0.303886 1.48643 -0.0612676 1.02813 2.17516 0.710648 1.55764 0.49751 0.617541 0.150104 -0.358648
-957.524 576.46 -1.39389 -1.32869 0.963256 -0.81318 0.941207 -0.964937 1.02813 2.17516 1.81715 2.48435 0.0743012 0.283084 -1.20522 -1.54236
