701 593 -1.5708 -1.5708 2.03444 1.5708 2.03444 1.5708 1.70527 1.77445 1.32582 1.5708
701 593 -1.17452 -1.5708 2.03444 1.5708 2.03444 1.5708 1.70527 1.77445 1.32582 1.5708
701 593 -0.58387 -1.5708 2.03444 1.5708 2.03444 1.5708 1.70527 1.77445 1.32582 1.5708
701 593 -0.0855053 -1.5708 1.63189 1.5708 2.03444 1.5708 1.70527 1.77445 1.32582 1.5708
782 587 -0.0855053 -1.5708 1.78007 1.5708 1.86291 1.5708 1.33171 2.67079 1.55565 1.83813
910 598 -0.0855053 -1.5708 2.33383 1.5708 1.86291 1.5708 0.920622 1.48007 2.0002 2.08069
1037 577 0.00366299 0.0936087 1.78132 1.08997 1.86291 1.19195 1.4745 1.83531 1.55666 2.67527
1061 574 0.365822 1.15971 2.30545 0.264979 1.86291 0.139485 1.4745 1.82116 1.55666 1.8143
1202 600 0.67589 2.45424 2.919 0.264979 2.73924 0.139485 2.1863 2.27773 2.06601 2.36528
1568 580 2.06771 -3.02819 -2.68715 0.314179 -2.88215 0.139485 3.06855 -1.50404 2.8786 -1.54705
1710 787 2.9905 -3.02819 -1.47922 2.47967 -1.83723 2.46817 -1.70786 0.243596 -2.13932 -0.218452
