741 552 -1.5708 -1.46397 1.87062 1.06712 1.99072 0.720275 1.78894 1.91454 1.19665 1.5708
741 552 -1.5708 -1.46397 2.09831 1.06712 2.49809 0.720275 1.78894 1.91454 1.19665 1.5708
741 552 -1.5708 -1.46397 2.09831 1.06712 3.03718 0.71548 1.78894 1.91454 1.19665 1.5708
741 552 -1.5708 -1.46397 2.09831 1.06712 3.06372 0.566358 1.78894 1.91454 1.19665 1.5708
741 552 -1.5708 -1.46397 2.09831 1.06712 3.06372 0.667728 1.78894 1.91454 1.19665 1.5708
741 552 -1.5708 -1.46397 2.09831 1.06712 3.06372 0.599304 1.78894 1.91454 1.19665 1.5708
741 552 -1.5708 -1.46397 2.09831 1.06712 3.06372 0.662845 1.78894 1.91454 1.19665 1.5708
741 552 -1.5708 -1.46397 2.09831 1.06712 3.06372 0.615894 1.78894 1.91454 1.19665 1.5708
741 552 -1.5708 -1.46397 2.09831 1.06712 3.06372 0.642918 1.78894 1.91454 1.19665 1.5708
789 563 -1.5708 -1.8314 2.23158 1.06712 0.254078 0.124969 2.00778 2.02179 1.05165 1.79387
789 563 -1.43596 -1.8314 2.23158 1.06712 0.0627317 0.0582892 2.00778 2.02179 1.05165 1.79387
