-5191.67 1900.55 -0.694411 2.51173 -0.625621 2.73409 -0.614084 2.30006 -2.45975 1.07342 0.864118 -2.67993
-4741.19 1600.24 -0.694411 2.51173 -0.625621 2.73409 -0.614084 2.30006 -2.45975 1.07342 0.864118 -2.67993
-3077.62 2567.38 -0.694411 2.51173 -0.625621 2.73409 -0.614084 2.30006 -2.45975 1.07342 0.864118 -2.67993
-2475.62 2119.38 -0.694411 2.51173 -0.625621 2.73409 -0.614084 2.30006 -2.45975 1.07342 0.864118 -2.67993
-1710.62 1564.38 -0.694411 2.51173 -0.625621 2.73409 -0.614084 2.30006 -2.45975 1.07342 0.864118 -2.67993
-1015.62 1046.88 -0.694411 2.51173 -0.625621 2.73409 -0.614084 2.30006 -2.45975 1.07342 0.864118 -2.67993
-573.121 711.88 -0.694411 2.51173 -0.625621 2.73409 -0.614084 2.30006 -2.45975 1.07342 0.864118 -2.67993
-111.621 410.88 -0.694411 2.51173 -0.625621 2.73409 -0.614084 2.30006 -2.45975 1.07342 0.864118 -2.67993
292.379 168.88 -1.18211 1.9707 -1.15228 2.27101 -1.09987 1.74505 -2.68881 0.765834 0.785398 -2.67993
524.951 8.02316 -1.73505 2.32133 -1.66952 2.27101 -0.563718 1.74505 -2.68881 1.30451 0.244627 2.67971
706.379 69.4517 -1.9534 -2.58043 -3.07338 2.27101 -0.563718 0.916899 3.10107 2.32272 0.645816 1.9676
820.665 268.023 -1.9534 -1.65669 2.03592 1.42257 0.161718 -0.801584 1.52432 2.32272 0.645816 1.1514
942.094 445.166 -1.7477 -1.92037 2.42048 1.42257 0.518987 -0.182007 1.26535 1.72685 0.971781 1.43991
1029.16 543.103 -1.7477 -1.46082 2.76968 1.42257 0.525149 -1.35479 1.50371 1.5976 1.21522 1.43991
1082.49 591.991 -1.25214 -0.987192 2.37823 1.42257 1.63028 0.594562 0.815692 1.5976 1.21522 2.33011
1114.71 623.103 -1.25214 -0.745939 2.37823 1.42257 1.83894 0.594562 0.543832 1.84942 1.03809 2.49893
1062.49 583.103 -1.38873 -1.27463 2.37823 1.42257 1.83894 1.06832 0.909753 1.36998 1.03809 2.09007
969.157 569.769 -1.54114 -1.57082 2.01625 1.66335 1.5035 1.06832 1.32251 2.46913 1.03809 1.3442
864.713 546.436 -1.54114 -1.44471 1.84112 1.41548 1.58414 1.34579 1.34156 1.78068 1.43582 1.57824
